[Z_Material]
diffuse=0.000000 0.000000 0.000000
ambient=0.000000 0.000000 1.000000
specular=0.900000 0.900000 0.900000
glossiness=0.100000
opacity=1.000000
specularLevel=0.000000
selfIllumColor=0.000000 0.000000 1.000000
[X_Material]
diffuse=0.000000 0.000000 0.000000
ambient=1.000000 0.000000 0.000000
specular=0.000000 0.000000 0.000000
glossiness=0.100000
opacity=1.000000
specularLevel=0.000000
selfIllumColor=1.000000 0.000000 0.000000
[Y_Material]
diffuse=0.000000 0.000000 0.000000
ambient=0.000000 1.000000 0.000000
specular=0.900000 0.900000 0.900000
glossiness=0.100000
opacity=1.000000
specularLevel=0.000000
selfIllumColor=0.000000 1.000000 0.000000
